# [0]           [1]            [2]            [3]            
# t             max-min        max(By^2)      pm             
0.000000e+00  9.972932e-07  0.000000e+00  1.000000e-02
9.939456e-02  5.378850e-04  1.938963e-14  1.000000e-02
1.991615e-01  5.194602e-04  1.653345e-14  1.000000e-02
2.989285e-01  5.058190e-04  1.210334e-14  1.000001e-02
3.986963e-01  4.941872e-04  1.377100e-14  1.000001e-02
4.984647e-01  4.848435e-04  1.527843e-14  1.000001e-02
5.982335e-01  4.810272e-04  1.534665e-14  1.000001e-02
6.980027e-01  4.759918e-04  1.833193e-14  1.000002e-02
7.977722e-01  4.709020e-04  1.738942e-14  1.000002e-02
8.975419e-01  4.676113e-04  1.682755e-14  1.000003e-02
9.998061e-01  4.798105e-04  2.947898e-14  1.000003e-02
1.099579e+00  3.878565e-04  4.688994e-14  1.000003e-02
1.199348e+00  3.552425e-04  7.643242e-14  1.000004e-02
1.299117e+00  3.229819e-04  1.233531e-13  1.000004e-02
1.398892e+00  2.932536e-04  1.696564e-13  1.000005e-02
1.498666e+00  2.666890e-04  2.340576e-13  1.000005e-02
1.598440e+00  2.467796e-04  2.962459e-13  1.000005e-02
1.698214e+00  2.349864e-04  3.620281e-13  1.000006e-02
1.797987e+00  2.400018e-04  4.494614e-13  1.000006e-02
1.897758e+00  2.500090e-04  6.969929e-13  1.000007e-02
1.997514e+00  2.773473e-04  1.081079e-12  1.000006e-02
2.099751e+00  2.487978e-04  1.647347e-12  1.000006e-02
2.199483e+00  2.798539e-04  2.408218e-12  1.000007e-02
2.299212e+00  3.112569e-04  3.418287e-12  1.000007e-02
2.398937e+00  3.408393e-04  4.845497e-12  1.000008e-02
2.498658e+00  3.671581e-04  7.216890e-12  1.000008e-02
2.598375e+00  3.901429e-04  1.050124e-11  1.000009e-02
2.698087e+00  4.021081e-04  1.500657e-11  1.000009e-02
2.797796e+00  4.123980e-04  2.048020e-11  1.000009e-02
2.899996e+00  4.236110e-04  2.963405e-11  1.000010e-02
2.999708e+00  4.440398e-04  4.134783e-11  1.000010e-02
3.099428e+00  3.797306e-04  5.689166e-11  1.000011e-02
3.199156e+00  3.377366e-04  8.015639e-11  1.000011e-02
3.298892e+00  2.975449e-04  1.084632e-10  1.000011e-02
3.398635e+00  2.629023e-04  1.575149e-10  1.000012e-02
3.498376e+00  2.328427e-04  2.186286e-10  1.000012e-02
3.598113e+00  2.391089e-04  3.101190e-10  1.000012e-02
3.697847e+00  2.566739e-04  4.420429e-10  1.000013e-02
3.797576e+00  2.756090e-04  6.191461e-10  1.000013e-02
3.899794e+00  3.055325e-04  8.543349e-10  1.000013e-02
3.999500e+00  3.450166e-04  1.202082e-09  1.000013e-02
4.099200e+00  2.699205e-04  1.715695e-09  1.000013e-02
4.198892e+00  2.380369e-04  2.460241e-09  1.000013e-02
4.298581e+00  2.667583e-04  3.252642e-09  1.000014e-02
4.398267e+00  3.003848e-04  4.082290e-09  1.000014e-02
4.497950e+00  3.301242e-04  5.180093e-09  1.000014e-02
4.597629e+00  3.569029e-04  6.688515e-09  1.000015e-02
4.699797e+00  3.732900e-04  8.805912e-09  1.000015e-02
4.799468e+00  3.881445e-04  1.216887e-08  1.000016e-02
4.899135e+00  4.038823e-04  1.525017e-08  1.000016e-02
4.998798e+00  4.330892e-04  1.840624e-08  1.000016e-02
5.098456e+00  3.822841e-04  2.347261e-08  1.000017e-02
5.198109e+00  4.127531e-04  2.951721e-08  1.000017e-02
5.297759e+00  4.542090e-04  3.705865e-08  1.000018e-02
5.399899e+00  5.091959e-04  4.730519e-08  1.000018e-02
5.499549e+00  5.740223e-04  5.905697e-08  1.000018e-02
5.599198e+00  6.531459e-04  6.854294e-08  1.000019e-02
5.698848e+00  7.512352e-04  9.263436e-08  1.000019e-02
5.798498e+00  8.627011e-04  1.234092e-07  1.000020e-02
5.898145e+00  1.000079e-03  1.621753e-07  1.000021e-02
5.997776e+00  1.044875e-03  2.124574e-07  1.000020e-02
6.099894e+00  1.201025e-03  2.817711e-07  1.000021e-02
6.199515e+00  1.333202e-03  3.709348e-07  1.000022e-02
6.299135e+00  1.494926e-03  4.900977e-07  1.000023e-02
6.398751e+00  1.679569e-03  6.479119e-07  1.000025e-02
6.498355e+00  1.888341e-03  8.461017e-07  1.000027e-02
6.597947e+00  2.139220e-03  1.079329e-06  1.000030e-02
6.697524e+00  2.422688e-03  1.371030e-06  1.000034e-02
6.799574e+00  2.745122e-03  1.753451e-06  1.000038e-02
6.899118e+00  3.091348e-03  2.238425e-06  1.000044e-02
6.998643e+00  3.471972e-03  2.859081e-06  1.000051e-02
7.098146e+00  3.897919e-03  3.641484e-06  1.000060e-02
7.197626e+00  4.389672e-03  4.615142e-06  1.000071e-02
7.299566e+00  4.948004e-03  5.860361e-06  1.000085e-02
7.398991e+00  5.559929e-03  7.369300e-06  1.000102e-02
7.498385e+00  6.238549e-03  9.220479e-06  1.000123e-02
7.597743e+00  6.986715e-03  1.147180e-05  1.000149e-02
7.699546e+00  7.846958e-03  1.427640e-05  1.000182e-02
7.798823e+00  8.659014e-03  1.758828e-05  1.000222e-02
7.898056e+00  1.006909e-02  2.213403e-05  1.000270e-02
7.999717e+00  1.096192e-02  2.815740e-05  1.000331e-02
8.098833e+00  1.206601e-02  3.520688e-05  1.000405e-02
8.197901e+00  1.338692e-02  4.395843e-05  1.000495e-02
8.299391e+00  1.487419e-02  5.494011e-05  1.000608e-02
8.398344e+00  1.643370e-02  6.816584e-05  1.000743e-02
8.499703e+00  1.815011e-02  8.397115e-05  1.000910e-02
8.598517e+00  1.995681e-02  1.023626e-04  1.001107e-02
8.699720e+00  2.199530e-02  1.258045e-04  1.001348e-02
8.798370e+00  2.418259e-02  1.553018e-04  1.001628e-02
8.899388e+00  2.660597e-02  1.926383e-04  1.001966e-02
8.997837e+00  2.912269e-02  2.332038e-04  1.002355e-02
9.098630e+00  3.190191e-02  2.831736e-04  1.002819e-02
9.199289e+00  3.486487e-02  3.401881e-04  1.003363e-02
9.299801e+00  3.798553e-02  4.165130e-04  1.003993e-02
9.397724e+00  4.119129e-02  5.034766e-04  1.004701e-02
9.497956e+00  4.472371e-02  5.991104e-04  1.005532e-02
9.598038e+00  4.829280e-02  7.117882e-04  1.006476e-02
9.697961e+00  5.198749e-02  8.416588e-04  1.007541e-02
9.797721e+00  5.571346e-02  1.010827e-03  1.008729e-02
9.899718e+00  6.005032e-02  1.170029e-03  1.010077e-02
9.999113e+00  6.376323e-02  1.336557e-03  1.011513e-02
1.009834e+01  6.765023e-02  1.557687e-03  1.013065e-02
1.019979e+01  7.180950e-02  1.795257e-03  1.014754e-02
1.029863e+01  7.596283e-02  2.034425e-03  1.016468e-02
1.039969e+01  8.023680e-02  2.314066e-03  1.018262e-02
1.049815e+01  8.465443e-02  2.500369e-03  1.020032e-02
1.059885e+01  8.944753e-02  2.856917e-03  1.021884e-02
1.069938e+01  9.454959e-02  3.185024e-03  1.023797e-02
1.079972e+01  1.000362e-01  3.460460e-03  1.025759e-02
1.089983e+01  1.060747e-01  3.839067e-03  1.027829e-02
1.099971e+01  1.129043e-01  4.277835e-03  1.030145e-02
1.109933e+01  1.208156e-01  4.811496e-03  1.032878e-02
1.119867e+01  1.298528e-01  5.446274e-03  1.036209e-02
1.129772e+01  1.397049e-01  6.281455e-03  1.040491e-02
1.139875e+01  1.511142e-01  7.473432e-03  1.046158e-02
1.149932e+01  1.634939e-01  9.093772e-03  1.053545e-02
1.159936e+01  1.771976e-01  1.119819e-02  1.063128e-02
1.169883e+01  1.923334e-01  1.412998e-02  1.075454e-02
1.180000e+01  2.092061e-01  1.824988e-02  1.091443e-02
1.189827e+01  2.279876e-01  2.360639e-02  1.110771e-02
1.199820e+01  2.481304e-01  3.074657e-02  1.134755e-02
1.209974e+01  2.708096e-01  3.969297e-02  1.163986e-02
1.219845e+01  2.935029e-01  4.929734e-02  1.197298e-02
1.229892e+01  3.161566e-01  6.169338e-02  1.236362e-02
1.239898e+01  3.361321e-01  7.384707e-02  1.280705e-02
1.249878e+01  3.521852e-01  8.768319e-02  1.330633e-02
1.259846e+01  3.629370e-01  1.012062e-01  1.386649e-02
1.269810e+01  3.687829e-01  1.139171e-01  1.449216e-02
1.279783e+01  3.691435e-01  1.256149e-01  1.518675e-02
1.289991e+01  3.638539e-01  1.369266e-01  1.596918e-02
1.300000e+01  3.541093e-01  1.475374e-01  1.680410e-02
1.309808e+01  3.413191e-01  1.573919e-01  1.768429e-02
1.319871e+01  3.314869e-01  1.666085e-01  1.864739e-02
1.329964e+01  3.285288e-01  1.746790e-01  1.967145e-02
1.339865e+01  3.196704e-01  1.811044e-01  2.072982e-02
1.349798e+01  3.190907e-01  1.855569e-01  2.184259e-02
1.359998e+01  3.121587e-01  1.893156e-01  2.303688e-02
1.369784e+01  2.994584e-01  1.918841e-01  2.422576e-02
1.379838e+01  2.832536e-01  1.910970e-01  2.547460e-02
1.389925e+01  2.655751e-01  1.889220e-01  2.673905e-02
1.399797e+01  2.474063e-01  1.831701e-01  2.796487e-02
1.409909e+01  2.322089e-01  1.728636e-01  2.918207e-02
1.419796e+01  2.215891e-01  1.623996e-01  3.031585e-02
1.429912e+01  2.137760e-01  1.552721e-01  3.139926e-02
1.439791e+01  2.134048e-01  1.603838e-01  3.235919e-02
1.449896e+01  2.135743e-01  1.641828e-01  3.321044e-02
1.459988e+01  2.151464e-01  1.660970e-01  3.389648e-02
1.469838e+01  2.179935e-01  1.665802e-01  3.437247e-02
1.479896e+01  2.220386e-01  1.650240e-01  3.463301e-02
1.489935e+01  2.260914e-01  1.649382e-01  3.465158e-02
1.499955e+01  2.313974e-01  1.667586e-01  3.444565e-02
1.509958e+01  2.384613e-01  1.682829e-01  3.405404e-02
1.519945e+01  2.458868e-01  1.708451e-01  3.352580e-02
1.529914e+01  2.543575e-01  1.711699e-01  3.289472e-02
1.539853e+01  2.647158e-01  1.710028e-01  3.219026e-02
1.549980e+01  2.759321e-01  1.662154e-01  3.140556e-02
1.559843e+01  2.865346e-01  1.585302e-01  3.055878e-02
1.569896e+01  2.947700e-01  1.487267e-01  2.960149e-02
1.579822e+01  2.971475e-01  1.408178e-01  2.855844e-02
1.589896e+01  2.973794e-01  1.315623e-01  2.743562e-02
1.599941e+01  3.096390e-01  1.223721e-01  2.629647e-02
1.609873e+01  3.162959e-01  1.112978e-01  2.521086e-02
1.619813e+01  2.894948e-01  1.068960e-01  2.419599e-02
1.629925e+01  3.058225e-01  1.028455e-01  2.316093e-02
1.639876e+01  3.375218e-01  9.590050e-02  2.209754e-02
1.649899e+01  3.916571e-01  7.779516e-02  2.112384e-02
1.659960e+01  4.277351e-01  7.967733e-02  2.046774e-02
1.669974e+01  4.395366e-01  8.720511e-02  2.029737e-02
1.679859e+01  4.471712e-01  9.315102e-02  2.059642e-02
1.689873e+01  4.446588e-01  9.661492e-02  2.122244e-02
1.699932e+01  4.149687e-01  9.466271e-02  2.199316e-02
1.709885e+01  3.703347e-01  8.540624e-02  2.279230e-02
1.719986e+01  3.341024e-01  9.837954e-02  2.363596e-02
1.729809e+01  3.234986e-01  1.237715e-01  2.450905e-02
1.739920e+01  3.241683e-01  1.556108e-01  2.546358e-02
1.749828e+01  3.300933e-01  1.856557e-01  2.642589e-02
1.759975e+01  3.293038e-01  2.094684e-01  2.738117e-02
1.769913e+01  3.245875e-01  2.177632e-01  2.821635e-02
1.779865e+01  3.359520e-01  2.123248e-01  2.889618e-02
1.789839e+01  3.389042e-01  1.989217e-01  2.940679e-02
1.799858e+01  3.355599e-01  2.034885e-01  2.974872e-02
1.809936e+01  3.285535e-01  2.031606e-01  2.991624e-02
1.819846e+01  3.194812e-01  1.991395e-01  2.992083e-02
1.829788e+01  3.041536e-01  1.913823e-01  2.976956e-02
1.839946e+01  2.816295e-01  1.822983e-01  2.944243e-02
1.849862e+01  2.580030e-01  1.742329e-01  2.896744e-02
1.859997e+01  2.316223e-01  1.649322e-01  2.835351e-02
1.869899e+01  2.366095e-01  1.563151e-01  2.763814e-02
1.879970e+01  2.915821e-01  1.434922e-01  2.681611e-02
1.889887e+01  3.495360e-01  1.265743e-01  2.596730e-02
1.899943e+01  4.075515e-01  1.000668e-01  2.513216e-02
1.909861e+01  4.542289e-01  7.449012e-02  2.439079e-02
1.919930e+01  4.806962e-01  6.728116e-02  2.376620e-02
1.929855e+01  4.705076e-01  8.029030e-02  2.328544e-02
1.939907e+01  4.199146e-01  9.794179e-02  2.290629e-02
1.949842e+01  3.459880e-01  1.066069e-01  2.258200e-02
1.959860e+01  2.676261e-01  9.970701e-02  2.226305e-02
1.969936e+01  2.512420e-01  9.843391e-02  2.194388e-02
1.979888e+01  2.404871e-01  1.054606e-01  2.162587e-02
1.989976e+01  2.551362e-01  1.047157e-01  2.127355e-02
1.999800e+01  2.750586e-01  9.630330e-02  2.088712e-02
2.000000e+01  2.753483e-01  9.605922e-02  2.087898e-02
