# [0]           [1]            [2]            [3]            
# t             max-min        max(By^2)      pm             
0.000000e+00  9.972932e-07  0.000000e+00  1.000000e-02
9.939833e-02  2.078305e-07  2.743279e-14  1.000000e-02
1.991992e-01  1.764624e-07  3.045724e-14  1.000000e-02
2.990001e-01  1.429279e-07  1.703211e-14  1.000000e-02
3.988010e-01  1.314329e-07  1.316000e-14  1.000000e-02
4.986019e-01  1.636169e-07  1.256102e-14  1.000000e-02
5.984028e-01  1.969363e-07  1.485009e-14  1.000000e-02
6.982037e-01  2.365995e-07  2.195271e-14  1.000000e-02
7.980046e-01  2.908213e-07  3.363092e-14  1.000000e-02
8.978054e-01  3.756353e-07  5.550933e-14  1.000000e-02
9.976063e-01  5.200105e-07  8.781827e-14  1.000000e-02
1.099902e+00  7.528459e-07  1.906272e-13  1.000000e-02
1.199703e+00  1.038002e-06  4.102983e-13  1.000000e-02
1.299504e+00  1.388071e-06  7.240138e-13  1.000000e-02
1.399305e+00  1.802009e-06  1.174113e-12  1.000000e-02
1.499106e+00  2.343151e-06  1.779644e-12  1.000000e-02
1.598907e+00  3.103137e-06  2.564870e-12  1.000000e-02
1.698708e+00  4.184046e-06  4.158523e-12  1.000000e-02
1.798508e+00  5.716285e-06  8.408999e-12  1.000000e-02
1.898309e+00  7.803493e-06  1.858276e-11  1.000000e-02
1.998110e+00  1.035296e-05  3.433885e-11  1.000000e-02
2.097911e+00  1.360191e-05  5.972243e-11  1.000000e-02
2.197712e+00  1.775058e-05  9.374128e-11  1.000000e-02
2.297512e+00  2.322309e-05  1.381518e-10  1.000000e-02
2.399808e+00  3.043160e-05  2.109711e-10  1.000000e-02
2.499609e+00  4.010975e-05  3.490461e-10  1.000000e-02
2.599409e+00  5.492312e-05  7.143296e-10  1.000000e-02
2.699209e+00  7.527830e-05  1.403512e-09  1.000000e-02
2.799009e+00  1.019819e-04  2.618777e-09  1.000000e-02
2.898808e+00  1.381604e-04  4.738887e-09  1.000000e-02
2.998607e+00  1.854967e-04  8.431215e-09  1.000000e-02
3.098405e+00  2.508841e-04  1.474270e-08  1.000000e-02
3.198202e+00  3.393371e-04  2.555208e-08  1.000000e-02
3.297997e+00  4.577422e-04  4.423868e-08  1.000000e-02
3.397790e+00  6.227897e-04  7.751548e-08  1.000000e-02
3.497579e+00  8.539411e-04  1.374192e-07  1.000000e-02
3.599858e+00  1.186356e-03  2.520467e-07  1.000001e-02
3.699635e+00  1.632402e-03  4.614601e-07  1.000001e-02
3.799402e+00  2.251935e-03  8.449560e-07  1.000003e-02
3.899154e+00  3.106248e-03  1.566401e-06  1.000005e-02
3.998884e+00  4.276853e-03  2.862086e-06  1.000009e-02
4.098583e+00  5.877081e-03  5.170303e-06  1.000018e-02
4.198237e+00  8.059276e-03  9.209467e-06  1.000033e-02
4.297826e+00  1.105015e-02  1.627131e-05  1.000062e-02
4.399808e+00  1.525707e-02  3.013098e-05  1.000116e-02
4.499167e+00  2.088446e-02  5.371850e-05  1.000214e-02
4.598328e+00  2.854638e-02  9.168700e-05  1.000392e-02
4.699681e+00  3.921515e-02  1.539965e-04  1.000725e-02
4.798161e+00  5.313035e-02  2.923659e-04  1.001302e-02
4.898565e+00  7.141488e-02  6.544218e-04  1.002333e-02
4.998267e+00  9.378662e-02  1.499349e-03  1.004117e-02
5.099442e+00  1.215211e-01  3.085292e-03  1.007183e-02
5.199545e+00  1.529116e-01  4.937404e-03  1.012057e-02
5.298584e+00  1.845709e-01  7.763661e-03  1.019517e-02
5.399075e+00  2.174669e-01  1.470141e-02  1.030860e-02
5.498684e+00  2.463476e-01  2.539678e-02  1.047098e-02
5.599979e+00  2.687047e-01  4.097950e-02  1.070092e-02
5.698504e+00  2.830810e-01  5.991255e-02  1.099695e-02
5.798704e+00  2.893900e-01  8.551173e-02  1.136923e-02
5.898303e+00  2.941676e-01  1.079232e-01  1.178659e-02
5.999637e+00  2.969555e-01  1.306637e-01  1.223800e-02
6.098286e+00  2.920266e-01  1.534327e-01  1.270230e-02
6.198669e+00  2.827251e-01  1.694104e-01  1.320869e-02
6.298556e+00  2.935955e-01  1.777043e-01  1.371979e-02
6.397914e+00  3.083916e-01  1.697220e-01  1.419949e-02
6.498859e+00  3.080220e-01  1.587226e-01  1.467253e-02
6.598865e+00  2.987185e-01  1.355201e-01  1.518222e-02
6.698200e+00  2.869950e-01  1.148317e-01  1.574581e-02
6.799699e+00  3.278424e-01  1.139643e-01  1.635046e-02
6.899501e+00  3.357548e-01  1.197819e-01  1.689649e-02
6.997805e+00  3.000168e-01  1.252480e-01  1.734143e-02
7.099534e+00  2.998450e-01  1.141845e-01  1.769040e-02
7.197951e+00  3.098752e-01  1.012583e-01  1.790718e-02
7.299489e+00  3.259284e-01  9.736969e-02  1.800010e-02
7.399443e+00  3.407057e-01  1.019888e-01  1.796782e-02
7.498239e+00  3.510795e-01  1.096688e-01  1.780037e-02
7.598429e+00  3.630269e-01  1.134934e-01  1.755518e-02
7.698409e+00  3.715556e-01  1.052313e-01  1.736043e-02
7.798898e+00  3.778739e-01  1.053234e-01  1.731796e-02
7.899393e+00  3.771939e-01  9.757239e-02  1.741605e-02
7.998849e+00  3.617041e-01  9.327251e-02  1.761173e-02
8.098372e+00  3.359471e-01  9.762140e-02  1.787246e-02
8.198911e+00  3.081937e-01  9.807968e-02  1.820572e-02
8.298992e+00  2.830986e-01  1.002659e-01  1.859790e-02
8.399024e+00  2.599042e-01  1.032424e-01  1.903763e-02
8.499798e+00  2.375564e-01  1.009444e-01  1.950022e-02
8.599461e+00  2.264024e-01  1.012003e-01  1.996682e-02
8.699842e+00  2.190872e-01  1.127800e-01  2.044081e-02
8.799958e+00  2.183078e-01  1.137645e-01  2.094738e-02
8.897771e+00  2.189174e-01  1.067885e-01  2.150032e-02
8.999977e+00  2.273384e-01  9.728687e-02  2.214258e-02
9.098658e+00  2.367825e-01  8.327757e-02  2.281953e-02
9.198282e+00  2.454449e-01  1.057343e-01  2.354825e-02
9.299764e+00  2.531858e-01  1.361130e-01  2.430589e-02
9.398584e+00  2.598723e-01  1.608096e-01  2.504620e-02
9.499403e+00  2.695887e-01  1.772308e-01  2.578195e-02
9.599987e+00  2.732049e-01  1.893285e-01  2.646080e-02
9.698270e+00  2.748405e-01  1.952080e-01  2.701907e-02
9.798766e+00  2.787783e-01  1.935244e-01  2.743919e-02
9.898968e+00  2.844890e-01  1.844711e-01  2.767764e-02
9.998666e+00  2.924858e-01  1.715414e-01  2.776913e-02
1.009778e+01  3.016876e-01  1.586897e-01  2.779190e-02
1.019871e+01  3.133168e-01  1.527719e-01  2.779366e-02
1.029930e+01  3.204507e-01  1.503328e-01  2.779802e-02
1.039960e+01  3.245185e-01  1.475894e-01  2.779328e-02
1.049977e+01  3.249886e-01  1.412769e-01  2.775436e-02
1.059986e+01  3.269948e-01  1.303072e-01  2.764410e-02
1.069987e+01  3.289065e-01  1.154052e-01  2.747289e-02
1.079779e+01  3.303207e-01  9.638355e-02  2.732333e-02
1.089962e+01  3.279559e-01  1.102733e-01  2.727293e-02
1.099870e+01  3.243209e-01  1.151571e-01  2.737744e-02
1.109890e+01  3.196234e-01  1.101468e-01  2.759628e-02
1.119982e+01  3.135269e-01  1.027549e-01  2.786472e-02
1.129913e+01  3.153499e-01  1.073264e-01  2.809995e-02
1.139950e+01  3.116568e-01  1.217963e-01  2.822124e-02
1.149944e+01  3.011292e-01  1.309408e-01  2.821781e-02
1.159954e+01  2.964639e-01  1.293231e-01  2.810040e-02
1.169797e+01  2.925668e-01  1.154387e-01  2.788320e-02
1.179903e+01  2.839913e-01  1.147370e-01  2.758279e-02
1.189845e+01  2.844039e-01  1.257199e-01  2.726961e-02
1.199796e+01  2.947983e-01  1.392509e-01  2.698437e-02
1.209891e+01  3.028394e-01  1.529517e-01  2.669666e-02
1.219942e+01  3.027875e-01  1.576527e-01  2.638391e-02
1.229847e+01  2.978355e-01  1.579328e-01  2.608352e-02
1.239820e+01  2.913183e-01  1.713982e-01  2.588466e-02
1.249983e+01  3.020398e-01  2.188231e-01  2.583064e-02
1.259837e+01  3.108470e-01  2.364887e-01  2.583407e-02
1.269798e+01  3.390479e-01  2.342175e-01  2.561507e-02
1.279956e+01  3.779409e-01  1.875391e-01  2.519069e-02
1.289993e+01  4.178428e-01  1.373380e-01  2.495443e-02
1.299911e+01  3.868324e-01  1.475766e-01  2.497278e-02
1.309940e+01  3.386093e-01  1.892079e-01  2.506120e-02
1.319891e+01  3.307408e-01  2.051469e-01  2.511890e-02
1.329822e+01  3.080490e-01  1.713185e-01  2.507081e-02
1.339788e+01  3.075113e-01  9.748706e-02  2.495785e-02
1.349779e+01  3.112909e-01  8.887696e-02  2.486101e-02
1.359787e+01  2.883808e-01  9.116718e-02  2.486291e-02
1.369825e+01  2.465334e-01  1.000131e-01  2.499419e-02
1.379905e+01  2.328434e-01  9.623247e-02  2.514406e-02
1.389787e+01  2.305166e-01  8.639278e-02  2.520286e-02
1.399890e+01  2.309403e-01  7.271562e-02  2.517799e-02
1.409784e+01  2.264500e-01  9.517480e-02  2.509172e-02
1.419910e+01  2.193857e-01  9.149506e-02  2.494077e-02
1.429942e+01  2.151130e-01  8.322747e-02  2.474652e-02
1.439898e+01  2.134400e-01  9.521561e-02  2.448128e-02
1.449818e+01  2.153773e-01  9.017495e-02  2.417445e-02
1.459928e+01  2.315788e-01  8.523337e-02  2.384342e-02
1.469788e+01  2.567389e-01  8.097141e-02  2.348113e-02
1.479847e+01  2.864211e-01  8.568793e-02  2.308253e-02
1.489936e+01  3.044702e-01  9.001124e-02  2.270203e-02
1.499882e+01  3.073930e-01  9.197784e-02  2.237927e-02
1.509879e+01  3.042777e-01  9.340363e-02  2.213878e-02
1.519863e+01  2.895426e-01  9.760663e-02  2.196393e-02
1.529807e+01  2.813408e-01  9.874350e-02  2.177826e-02
1.539961e+01  2.761150e-01  1.003505e-01  2.158589e-02
1.549976e+01  2.476106e-01  1.019713e-01  2.145074e-02
1.559858e+01  2.019012e-01  9.963985e-02  2.138607e-02
1.569968e+01  1.967819e-01  1.004679e-01  2.138028e-02
1.579842e+01  2.037322e-01  1.002544e-01  2.137559e-02
1.589943e+01  2.135402e-01  1.025645e-01  2.132783e-02
1.599840e+01  2.128189e-01  1.020981e-01  2.121277e-02
1.609960e+01  2.285979e-01  1.008567e-01  2.101850e-02
1.619887e+01  2.429822e-01  9.909563e-02  2.076163e-02
1.629780e+01  2.488121e-01  9.702574e-02  2.049096e-02
1.639822e+01  2.489047e-01  9.422327e-02  2.023238e-02
1.649855e+01  2.521309e-01  8.932483e-02  1.995010e-02
1.659951e+01  2.686565e-01  8.515464e-02  1.964634e-02
1.669870e+01  2.884453e-01  8.261518e-02  1.933767e-02
1.679826e+01  3.186615e-01  8.080744e-02  1.903135e-02
1.689805e+01  3.336047e-01  7.951973e-02  1.875889e-02
1.699806e+01  3.324017e-01  7.714999e-02  1.853545e-02
1.709846e+01  3.246138e-01  7.544863e-02  1.837857e-02
1.719908e+01  3.085680e-01  7.445009e-02  1.829671e-02
1.729981e+01  2.825901e-01  7.216628e-02  1.828355e-02
1.739853e+01  2.489046e-01  6.953160e-02  1.830403e-02
1.749993e+01  2.186603e-01  8.410773e-02  1.833267e-02
1.759921e+01  1.963524e-01  8.885170e-02  1.835159e-02
1.769871e+01  1.764505e-01  8.551817e-02  1.835353e-02
1.779806e+01  1.704086e-01  8.047245e-02  1.834470e-02
1.789948e+01  1.699940e-01  7.842859e-02  1.834041e-02
1.799837e+01  1.697066e-01  8.051234e-02  1.834551e-02
1.809933e+01  1.638529e-01  8.024523e-02  1.835161e-02
1.819792e+01  1.632262e-01  7.693056e-02  1.835148e-02
1.829922e+01  1.597142e-01  6.949192e-02  1.833323e-02
1.839901e+01  1.594162e-01  6.020010e-02  1.831637e-02
1.849916e+01  1.558990e-01  5.759625e-02  1.831689e-02
1.859938e+01  1.516638e-01  5.456155e-02  1.834403e-02
1.869963e+01  1.594571e-01  5.117986e-02  1.837841e-02
1.879992e+01  1.599276e-01  4.809953e-02  1.839569e-02
1.889797e+01  1.504259e-01  4.602553e-02  1.839986e-02
1.899834e+01  1.491871e-01  4.369061e-02  1.840395e-02
1.909830e+01  1.537789e-01  4.136789e-02  1.841591e-02
1.919828e+01  1.642550e-01  4.013403e-02  1.844182e-02
1.929833e+01  1.684848e-01  3.861732e-02  1.846678e-02
1.939847e+01  1.765189e-01  3.822847e-02  1.846500e-02
1.949873e+01  1.826318e-01  4.217918e-02  1.840679e-02
1.959913e+01  1.806829e-01  4.287564e-02  1.830557e-02
1.969909e+01  1.812845e-01  3.971981e-02  1.818809e-02
1.979806e+01  1.851528e-01  4.238370e-02  1.807557e-02
1.989815e+01  1.908756e-01  5.336132e-02  1.795233e-02
1.999964e+01  1.976139e-01  6.153831e-02  1.781736e-02
2.000000e+01  1.976393e-01  6.157456e-02  1.781690e-02
